0

2.5 2.5  1 1
50 50 20 0 2 0

30

6.0 6.0 1.1 0.0 2 0
5.0 6.0 1.2 0.1 2 0
6.0 5.0 0.9 -.1 2 0
3.0 3.0 0.8 -.2 2 0
3.0 2.0 1.0 0.2 2 0
2.0 3.0 1.0 0.1 2 0
1.0 1.0 0.8 0.2 2 0
0.5 0.5 1.0 9.0 2 0
0.4 0.3 1.1 0.0 2 0
0.2 0.1 1.1 0.0 2 0

-6.0 -6.0 1.1 0.0 2 0
-5.0 -6.0 1.2 0.1 2 0
-6.0 -5.0 0.9 -.1 2 0
-3.0 -3.0 0.8 -.2 2 0
-3.0 -2.0 1.0 0.2 2 0
-2.0 -3.0 1.0 0.1 2 0
-1.0 -1.0 0.8 0.2 2 0
-0.5 -0.5 2.0 0.0 2 0
-0.4 -0.3 1.1 0.0 2 0
-0.2 -0.1 1.1 0.0 2 0

-6.0 6.0 1.1 0.0 2 0
5.0 -6.0 1.2 0.1 2 0
-6.0 5.0 0.9 -.1 2 0
3.0 -3.0 0.8 -.2 2 0
-3.0 2.0 1.0 0.2 2 0
2.0 -3.0 1.0 0.1 2 0
-1.0 1.0 0.8 0.2 2 0
0.5 -0.5 2.0 0.0 2 0
-0.4 0.3 1.1 0.0 2 0
0.2 -0.1 1.1 0.0 2 0