 11.1722
 16.6692
 6.70441
0.039792

 5.81499
 9.99551
 3.23704
0.052227

 4.5218
 7.5541
2.01107
0.11875

 5.02886
 5.89444
 1.35923
0.020421

   3.60245
   4.02386
   1.04859
-0.0789209

 3.27559
 2.90457
 1.05355
0.130352

 2.53059
 2.96302
 1.05545
0.148483

 1.54177
 1.78424
0.932565
0.217211

0.992949
 4.75367
 1.00924
 5.68216

 0.731477
-0.412988
  1.10032
  2.20728

0.469097
-1.02613
 1.13512
0.879996

-3.47779
-4.46352
 1.14841
0.373018

-4.33031
-5.51727
 1.21529
0.241173

 -5.43065
 -5.33084
  1.05542
0.0672056

  -3.97127
  -3.99198
  0.932555
-0.0610473

-3.27596
-2.63695
 1.00923
0.137178

-2.42509
-2.86477
 1.03852
 0.15109

-1.57997
-1.67896
0.926099
0.218207

-0.387671
 -1.03107
   1.6248
 0.120237

-0.553178
-0.618157
  1.33545
0.0828157

-0.369221
 -0.32085
  1.22493
 0.068522

 -3.83635
  3.56882
  1.18271
0.0630623

 1.69843
-2.31683
 1.22839
 0.12278

 -3.13347
  2.12252
  1.06043
0.0219837

  0.612236
  -1.12574
  0.934467
-0.0783206

-1.52603
0.937367
 1.00996
 0.13058

 0.71515
-1.49668
  1.0388
 0.14857

-0.380621
0.0807497
 0.926206
 0.217245

 0.688427
-0.358513
  1.62484
 0.119869

 -0.142162
0.00971493
   1.33546
 0.0826752

